%YAML:1.0
facetri: !!opencv-matrix
   rows: 97
   cols: 3
   dt: i
   data: [ 67, 58, 59, 49, 60, 48, 59, 58, 6, 52, 34, 35, 45, 44, 25, 40, 39, 29, 18, 37, 36, 42, 27, 22, 44, 23, 24, 36, 41, 1, 62, 50, 51, 65, 56, 66, 58, 57, 7, 53, 64, 63, 27, 28, 39, 34, 52, 51, 14, 54, 35, 42, 29, 28, 20, 19, 24, 15, 35, 46, 19, 37, 18, 0, 36, 1, 17, 18, 36, 20, 37, 19, 20, 38, 37, 20, 21, 38, 38, 21, 39, 44, 24, 25, 34, 30, 35, 39, 21, 27, 42, 28, 27, 29, 39, 28, 30, 29, 35, 30, 31, 29, 33, 30, 34, 29, 31, 40, 17, 36, 0, 31, 41, 40, 32, 31, 30, 41, 31, 1, 31, 49, 48, 2, 48, 3, 60, 67, 59, 48, 4, 3, 48, 5, 4, 59, 6, 5, 48, 59, 5, 48, 60, 59, 58, 7, 6, 49, 61, 60, 66, 58, 67, 2, 31, 48, 50, 31, 32, 2, 1, 31, 50, 61, 49, 62, 52, 63, 31, 50, 49, 33, 34, 51, 62, 51, 52, 50, 32, 51, 61, 50, 62, 53, 63, 52, 55, 54, 11, 8, 57, 9, 58, 66, 57, 57, 8, 7, 57, 56, 9, 57, 66, 56, 56, 10, 9, 56, 55, 10, 54, 53, 35, 35, 53, 52, 54, 12, 11, 10, 55, 11, 56, 65, 55, 55, 64, 54, 55, 65, 64, 53, 54, 64, 13, 12, 54, 54, 14, 13, 35, 15, 14, 35, 47, 46, 32, 33, 51, 32, 30, 33, 35, 29, 47, 45, 15, 46, 21, 22, 27, 21, 20, 23, 23, 43, 22, 47, 29, 42, 21, 23, 22, 20, 24, 23, 42, 22, 43, 43, 23, 44, 16, 45, 26, 16, 15, 45, 45, 25, 26 ]
