%YAML:1.0

facetri: !!opencv-matrix
   rows: 90
   cols: 3
   dt: i
   data: [ 20, 23, 21, 21, 23, 22, 0, 36, 1, 16, 15, 45, 0, 17, 36, 26, 16, 45, 17, 18, 37, 25, 26, 44, 17, 37, 36, 26,
           45, 44, 18, 19, 38, 24, 25,43,18,38,37,25,44 ,43 ,19 ,20 ,38 ,23 ,24 ,43 ,20 ,21 ,39 ,22 ,23 ,42 ,20 ,
           39,38,23 ,43 ,42 ,21 ,22 ,27 ,21 ,27 ,39 ,27 ,22 ,42 ,28 ,27 ,42 ,27 ,28 ,39 ,28 ,42 ,47 ,39 ,28 ,40 ,1 ,36 ,41 ,15 ,46 ,45 ,1 ,41 ,2 ,15 ,14 ,46 ,28 ,29 ,40 ,29 ,28 ,47 ,2 ,41 ,40 ,14 ,47 ,46 ,29 ,2 ,
40 ,14 ,29 ,47 ,2 ,29 ,3 ,14 ,13 ,29 ,29 ,35 ,30 ,3 ,29 ,31 ,13 ,35 ,29 ,30 ,33 ,32 ,30 ,34 ,33 ,30 ,32 ,31 ,30 ,35 ,34 ,3 ,31 ,4 ,13 ,12 ,35 ,5 ,4 ,48 ,12 ,11 ,54 ,6 ,5 ,48 ,11 ,10 ,54 ,6 ,48 ,59 ,10 ,55 ,54 ,7 ,
6 ,59 ,10 ,9 ,55 ,7 ,59 ,58 ,9 ,56 ,55 ,8 ,58 ,57 ,8 ,57 ,56 ,8 ,7 ,58 ,9 ,8 ,56 ,4 ,31 ,48 ,12 ,54 ,35 ,31 ,49 ,48 ,35 ,54 ,53 ,31 ,50 ,49 ,35 ,53 ,52 ,31 ,32 ,50 ,34 ,35 ,52 ,32 ,33 ,50 ,33 ,34 ,52 ,33 ,51 ,50 ,
33 ,52 ,51 ,48 ,49 ,60 ,49 ,50 ,60 ,50 ,61 ,60 ,50 ,51 ,61 ,51 ,52 ,61 ,62 ,61 ,52 ,52 ,53 ,62 ,53 ,54 ,62 ,54 ,55 ,63 ,55 ,56 ,63 ,56 ,64 ,63 ,56 ,57 ,64 ,65 ,64 ,57 ,57 ,58 ,65 ,58 ,59 ,65 ,48 ,65 ,59]
