%YAML:1.0
eyestri: !!opencv-matrix
   rows: 8
   cols: 3
   dt: i
   data: [ 36, 37, 41, 37, 40, 41, 38, 40, 37, 39, 38, 40, 42, 43, 47,
       43, 46, 47, 43, 44, 46, 44, 45, 46 ]
mouthtri: !!opencv-matrix
   rows: 6
   cols: 3
   dt: i
   data: [ 60, 61, 65, 61, 64, 65, 61, 62, 63, 61, 63, 64, 62, 63, 54,
       60, 65, 48 ]
