%YAML:1.0
shape: !!opencv-matrix
   rows: 132
   cols: 1
   dt: d
   data: [ 2.5023353166029371e-006, 8.4130812886133599e-001,
       2.8257317473747894e+000, 5.8527974619971417e+000,
       1.1059091404096039e+001, 1.9670212974421773e+001,
       3.1354954298363573e+001, 4.5550676428903422e+001,
       6.2082166304563600e+001, 7.8915904733635173e+001,
       9.3848594315361566e+001, 1.0678540593776741e+002,
       1.1645707648146421e+002, 1.2183820547332435e+002,
       1.2477895721335818e+002, 1.2678870924995910e+002,
       1.2799999818419018e+002, 1.0587457075589363e+001,
       1.8046551335840871e+001, 2.7561035639956966e+001,
       3.7449789613969799e+001, 4.7004951582520903e+001,
       7.2370831430703717e+001, 8.3144296877345226e+001,
       9.4335142056899500e+001, 1.0522975732312558e+002,
       1.1402792232039954e+002, 5.9067910444336995e+001,
       5.8968348920368229e+001, 5.8903149201707159e+001,
       5.8888071200750247e+001, 4.8660941509306681e+001,
       5.3765441601605687e+001, 5.9215057695504790e+001,
       6.5319283754800324e+001, 7.1098082834407322e+001,
       2.3132536914578235e+001, 2.9399981590107569e+001,
       3.7215539402157681e+001, 4.3652037254128537e+001,
       3.6906264627608905e+001, 2.9760426724333296e+001,
       7.9130842329820339e+001, 8.5596516712888530e+001,
       9.3675624419017709e+001, 1.0046824592953323e+002,
       9.3674489150638848e+001, 8.6270149189761170e+001,
       3.6829286343821110e+001, 4.3527152069899273e+001,
       5.1584476433578992e+001, 6.0351511118060877e+001,
       6.9657823780547687e+001, 7.8545354395849415e+001,
       8.6541076059376678e+001, 7.9423835222267726e+001,
       7.0583627450899357e+001, 6.0782485832034808e+001,
       5.1477091795529994e+001, 4.3103466478462586e+001,
       5.0428301372168974e+001, 6.0439433226879906e+001,
       7.1135700816158632e+001, 7.1217298614509048e+001,
       6.0445922431911775e+001, 5.0269272095594097e+001,
       7.9199879382602703e+000, 2.3731147117196251e+001,
       3.9334288162721023e+001, 5.6373584021111284e+001,
       7.5475220691173945e+001, 9.3956538073180297e+001,
       1.0964974694531071e+002, 1.2200497579304992e+002,
       1.2799999935240169e+002, 1.2272381443835435e+002,
       1.1137674577403251e+002, 9.6806004131826356e+001,
       7.8750587005024826e+001, 5.8857774515245666e+001,
       4.0437902467738738e+001, 2.3203688413979403e+001,
       5.9109656806884647e+000, 7.0485548330769721e+000,
       2.9767882836565533e+000, 2.0701283584946983e+000,
       3.6102355229968022e+000, 6.9244956329711407e+000,
       5.8785422162146794e+000, 1.9239781082817569e+000,
       2.3459832571507145e-006, 1.1553162425723340e+000,
       5.8915227449134324e+000, 2.0415879887491503e+001,
       3.3047167335736525e+001, 4.5807267752675017e+001,
       5.8434404687103843e+001, 6.1217810300342371e+001,
       6.3720936414003781e+001, 6.5092531498203897e+001,
       6.3643253753541813e+001, 6.1034677540681074e+001,
       1.9928209407721706e+001, 1.5959277228058633e+001,
       1.6159626994045993e+001, 1.9804855895506623e+001,
       2.1465332264572808e+001, 2.1877992643739859e+001,
       1.8796228992254967e+001, 1.4749835771805763e+001,
       1.4603819046014188e+001, 1.8337795886989859e+001,
       2.0434586291207633e+001, 2.0325643879933260e+001,
       8.1759390896068282e+001, 7.8731311894489977e+001,
       7.7094837912278521e+001, 7.9352872718945349e+001,
       7.7032109958239062e+001, 7.8552434672731309e+001,
       8.1129886052008288e+001, 8.8266167938096899e+001,
       9.3056017019159484e+001, 9.5175979477038680e+001,
       9.3238080081391118e+001, 8.8722909073025136e+001,
       8.1991979239207424e+001, 8.4097065178786494e+001,
       8.1964038222682305e+001, 8.4200770158137487e+001,
       8.6715787803938483e+001, 8.4222007659852920e+001 ]
filename: "../images/shape_central_oba.jpg"
fileleft: "../images/shape_central_oba.yml"
fileright: "../images/shape_central_oba.yml"
