%YAML:1.0
shape: !!opencv-matrix
   rows: 132
   cols: 1
   dt: d
   data: [ -2.0103394908587935e-006, 1.1214451706116659e+000,
       3.0646287801948988e+000, 5.4956990823733207e+000,
       9.9505416306168843e+000, 1.9497845862660839e+001,
       3.2972121591082761e+001, 4.8601530120131002e+001,
       6.5406937003498555e+001, 8.1739454104414691e+001,
       9.6385860816794718e+001, 1.0877496215616446e+002,
       1.1762593370967645e+002, 1.2216609950128375e+002,
       1.2479051850134708e+002, 1.2694587196266525e+002,
       1.2799999790615736e+002, 1.4436168584001887e+001,
       2.3280466926669078e+001, 3.3236664161886608e+001,
       4.3236046931745904e+001, 5.2808360139584678e+001,
       8.3076624396598746e+001, 9.2056716379366947e+001,
       1.0144844942262669e+002, 1.1068363781399080e+002,
       1.1861515820818903e+002, 6.8143819709871195e+001,
       6.8337886565626931e+001, 6.8537875875658074e+001,
       6.8718396932037649e+001, 5.8671257645607476e+001,
       6.3563984911419752e+001, 6.8450300673516765e+001,
       7.2761394252814782e+001, 7.7107053179557880e+001,
       2.5111105748311800e+001, 3.2732027490137320e+001,
       4.1527357310484696e+001, 4.8665540011185769e+001,
       4.0759969379217701e+001, 3.2642322893391622e+001,
       8.4810041136405090e+001, 9.1878385712431069e+001,
       1.0042796484106178e+002, 1.0771829017592333e+002,
       1.0044556316841725e+002, 9.2509248526595982e+001,
       4.0528057163729535e+001, 4.9118683179466728e+001,
       5.8533825366678116e+001, 6.8413015698474396e+001,
       7.7688709350722164e+001, 8.6444321253406599e+001,
       9.3991000604428777e+001, 8.6354626185890154e+001,
       7.7292653889212914e+001, 6.8074513365508935e+001,
       5.8436494094522942e+001, 4.8857985785141729e+001,
       5.5623550170363899e+001, 6.8383946587868280e+001,
       8.0349965760367567e+001, 8.0298316975802280e+001,
       6.8264024370617349e+001, 5.5570517097832010e+001,
       3.1070589288136077e+001, 4.7987525608765530e+001,
       6.4868511940488858e+001, 8.1485133722399766e+001,
       9.7212661746050273e+001, 1.1036296205982276e+002,
       1.2000609630694338e+002, 1.2623493567397034e+002,
       1.2800000389712810e+002, 1.2609050502344380e+002,
       1.1893686190450389e+002, 1.0855312480641844e+002,
       9.5274625817249628e+001, 8.0006384280269799e+001,
       6.4091847831261248e+001, 4.7914824212197850e+001,
       3.1656584042245708e+001, 6.3311038153248909e+000,
       1.5478489018795780e+000, 1.6407718942073043e-006,
       7.0832191551635126e-001, 3.4044715836161554e+000,
       3.8239607776467346e+000, 1.4547628796857135e+000,
       1.0045264250117141e+000, 2.7229643966221522e+000,
       7.6343313544847273e+000, 2.1148059533690358e+001,
       3.2462539422623713e+001, 4.3681188708741374e+001,
       5.4852299187774271e+001, 6.2769976003130225e+001,
       6.3457671168074569e+001, 6.3785028706078677e+001,
       6.3560444670364461e+001, 6.2942810798736694e+001,
       2.4931697683791668e+001, 2.0912292658337741e+001,
       2.1079651384960052e+001, 2.5606942115193451e+001,
       2.6853203833649818e+001, 2.6955524733574926e+001,
       2.6048104164108327e+001, 2.1781812032182572e+001,
       2.1526063586297198e+001, 2.5621251909585069e+001,
       2.7623028331156366e+001, 2.7314619248988571e+001,
       8.4764707344069535e+001, 7.9339721356432563e+001,
       7.5668409260607589e+001, 7.6329514272149254e+001,
       7.5702360636231688e+001, 7.9284080285920581e+001,
       8.4808527315233547e+001, 8.9482985838814614e+001,
       9.1798651392460542e+001, 9.2165560002450107e+001,
       9.1714807212474028e+001, 8.9456583695026737e+001,
       8.2412093027652219e+001, 8.2658198943519778e+001,
       8.2526943865707068e+001, 8.3777759006854154e+001,
       8.3560149572665082e+001, 8.3749547377484788e+001 ]
filename: "../images/shape_central_jol.jpg"
fileleft: "../images/shape_central_jol.yml"
fileright: "../images/shape_central_jol.yml"
