%YAML:1.0
shape: !!opencv-matrix
   rows: 132
   cols: 1
   dt: d
   data: [ -1.0650289413885298e-006, 2.0760726311345028e+000,
       5.1210422405428000e+000, 8.8543892630314911e+000,
       1.4554446586276029e+001, 2.3839039444446591e+001,
       3.6324305103191698e+001, 5.1283160136000781e+001,
       6.8585454163541201e+001, 8.5486619666378019e+001,
       9.9623958835336182e+001, 1.1105573470396581e+002,
       1.1909335419081813e+002, 1.2330755067892822e+002,
       1.2554808222349882e+002, 1.2721967173944714e+002,
       1.2800000440883039e+002, 1.0382584406056164e+001,
       1.8875183694971295e+001, 2.9453172844356985e+001,
       4.0377707370188240e+001, 5.0902041961454877e+001,
       7.5765391449967439e+001, 8.6156774314465792e+001,
       9.7068109226850012e+001, 1.0777419080096936e+002,
       1.1652686323250704e+002, 6.3561552987336434e+001,
       6.4129435237272119e+001, 6.4700375373546578e+001,
       6.5266979102048253e+001, 5.4530151101142252e+001,
       5.9863668113035729e+001, 6.5571490631978634e+001,
       7.1204262475067054e+001, 7.6354213233332018e+001,
       2.4229407661708816e+001, 3.0503109292074836e+001,
       3.8413360718180478e+001, 4.4865129960655040e+001,
       3.8075703706131172e+001, 3.0901101894590290e+001,
       8.2066077921691871e+001, 8.8195104994830331e+001,
       9.6129244710261716e+001, 1.0279653001530410e+002,
       9.6267384664503439e+001, 8.9040962427576545e+001,
       4.1994436188924112e+001, 4.9545105794147247e+001,
       5.7705372023225216e+001, 6.6298228025042746e+001,
       7.4777886214586815e+001, 8.3166816912245622e+001,
       9.1067268466294479e+001, 8.4835578143875082e+001,
       7.6491029359016480e+001, 6.7018285281958995e+001,
       5.7447547410443654e+001, 4.8780847547119556e+001,
       5.7290206384557514e+001, 6.6537894695251865e+001,
       7.5702795390805946e+001, 7.5971526390083369e+001,
       6.6599322426729756e+001, 5.7164128820731619e+001,
       3.5111615785699918e+001, 5.0915702896937773e+001,
       6.6622170289160991e+001, 8.1838125568120972e+001,
       9.5969633424075568e+001, 1.0850516631342391e+002,
       1.1889501054087981e+002, 1.2642558759558673e+002,
       1.2799999551838347e+002, 1.2533601016903322e+002,
       1.1703376692690080e+002, 1.0602098831943358e+002,
       9.3037001237036705e+001, 7.8564775947340536e+001,
       6.3061189216887797e+001, 4.7112196317759150e+001,
       3.1135662681263842e+001, 1.1166583020470531e+001,
       5.0108834563922908e+000, 2.4287519991044433e+000,
       2.5223805800810433e+000, 4.7460378387137903e+000,
       3.5448202825695012e+000, 7.1501216995144046e-001,
       2.0944073075328085e-007, 2.1172978085335425e+000,
       7.9769838754850406e+000, 1.9061308523099356e+001,
       2.9932677901466526e+001, 4.0705691601927569e+001,
       5.1459625365941712e+001, 6.0487676173882690e+001,
       6.2044124323262857e+001, 6.2454091912644245e+001,
       6.1632803329272569e+001, 5.9686621219415237e+001,
       2.3209805360768513e+001, 1.8928441010297412e+001,
       1.8668282706200909e+001, 2.2565681430914523e+001,
       2.4260027564455537e+001, 2.4755463468412497e+001,
       2.1267801175704125e+001, 1.6868026887311377e+001,
       1.6537100757146980e+001, 2.0340298793074471e+001,
       2.2384091479353540e+001, 2.2418299309894280e+001,
       8.4218248219161524e+001, 7.9980149056394666e+001,
       7.6973707348207370e+001, 7.7379132168808212e+001,
       7.6330152213473596e+001, 7.8692595244272155e+001,
       8.2331042113947291e+001, 8.8409584343227721e+001,
       9.2209611613802352e+001, 9.3397276575883566e+001,
       9.2915669864438613e+001, 8.9758659863061681e+001,
       8.3022384849534291e+001, 8.2694294857262818e+001,
       8.2329196432073104e+001, 8.3830407025249272e+001,
       8.4575982075486706e+001, 8.4526463992996341e+001 ]
filename: "../images/shape_central_cag.jpg"
fileleft: "../images/shape_central_cag.yml"
fileright: "../images/shape_central_cag.yml"
