%YAML:1.0
shape: !!opencv-matrix
   rows: 132
   cols: 1
   dt: d
   data: [ -1.8059854329829752e-006, 7.8969584608245302e-001,
       2.5116631694710607e+000, 4.7053754610592042e+000,
       8.8797858430204002e+000, 1.7106419890668100e+001,
       2.8713216788673186e+001, 4.2468227877610410e+001,
       5.8089426816727752e+001, 7.4758246469976896e+001,
       9.0037762528817879e+001, 1.0346700902272512e+002,
       1.1379768213390295e+002, 1.1991372184282645e+002,
       1.2356112176295424e+002, 1.2619057093359632e+002,
       1.2799999239312612e+002, 7.3286438776905571e+000,
       1.5247704527773410e+001, 2.4961562006243472e+001,
       3.4700241392235093e+001, 4.3841826836322767e+001,
       7.7275770543207514e+001, 8.7071003794001797e+001,
       9.7369340950031358e+001, 1.0749779956193896e+002,
       1.1561663265088899e+002, 5.9864227982312769e+001,
       5.9067905199184843e+001, 5.8246873089227599e+001,
       5.7452371463486024e+001, 4.8468120156256795e+001,
       5.3186240352237753e+001, 5.8032797225139596e+001,
       6.3253839339162440e+001, 6.8469906329368612e+001,
       1.8121052733918795e+001, 2.5113050936689724e+001,
       3.3488905482686356e+001, 3.9986811849347603e+001,
       3.2644316273299161e+001, 2.4936795707100675e+001,
       8.1469362164080451e+001, 8.8245901425470208e+001,
       9.6756556300012448e+001, 1.0356374650600051e+002,
       9.6419717050352673e+001, 8.8668652007547934e+001,
       3.2086050595918699e+001, 4.0264989248152489e+001,
       4.8916784041426659e+001, 5.7577902946565217e+001,
       6.6868229631919050e+001, 7.5981237556464023e+001,
       8.4748611067219443e+001, 7.7212148226342194e+001,
       6.7682211928920509e+001, 5.7514767875016446e+001,
       4.7732850388249268e+001, 3.8790644137743577e+001,
       4.6869088107612562e+001, 5.7517350602035542e+001,
       6.9057619700328814e+001, 6.9506305276885939e+001,
       5.7716180487435018e+001, 4.6559099960632885e+001,
       3.9284120753115261e+001, 5.5064589088151706e+001,
       7.0776820592141050e+001, 8.5772685958658073e+001,
       9.9505966341786817e+001, 1.1098967534693502e+002,
       1.2001450239769302e+002, 1.2644765950783696e+002,
       1.2799999328581916e+002, 1.2688491785045345e+002,
       1.2108717219154626e+002, 1.1263561545077924e+002,
       1.0153632559438523e+002, 8.8061991850001334e+001,
       7.3306928552030342e+001, 5.7819542065317776e+001,
       4.2260002796059013e+001, 7.4468564281818432e+000,
       1.7421757107262623e+000, -7.4145763033227541e-007,
       1.0459168607701379e+000, 4.1826093965744251e+000,
       5.0714654376333064e+000, 2.4547466288092594e+000,
       1.9430178328560914e+000, 4.2444096559228948e+000,
       1.0415043583833588e+001, 2.5435063682501116e+001,
       3.4776971708948906e+001, 4.3996902046082532e+001,
       5.3182879204817169e+001, 6.0947766483037142e+001,
       6.1906026135802513e+001, 6.2275400727535519e+001,
       6.2150883427206914e+001, 6.1464350639429121e+001,
       2.6508361392389848e+001, 2.2296913304494741e+001,
       2.2537272849250616e+001, 2.7232495407352651e+001,
       2.9110941383997741e+001, 2.9094997178896055e+001,
       2.8240138062615841e+001, 2.3943096136214649e+001,
       2.4209059277630292e+001, 2.8821657812472356e+001,
       3.0957656265419466e+001, 3.0565132503274281e+001,
       8.3910677651736506e+001, 7.9742693778189377e+001,
       7.7008114749703168e+001, 7.7750488048280374e+001,
       7.7445549110453129e+001, 8.0637862180863181e+001,
       8.5217605263437278e+001, 9.1222397151032951e+001,
       9.4506474710118709e+001, 9.5092029128496677e+001,
       9.4068529877056818e+001, 9.0284640740600821e+001,
       8.3159040184872694e+001, 8.3430293613803840e+001,
       8.3666251494671513e+001, 8.6470682437422369e+001,
       8.6533773737404744e+001, 8.5921347832548946e+001 ]
filename: "../images/shape_central_jak.jpg"
fileleft: "../images/shape_central_jak.yml"
fileright: "../images/shape_central_jak.yml"
