%YAML:1.0
shape: !!opencv-matrix
   rows: 132
   cols: 1
   dt: d
   data: [ -5.4612205891389161e-007, 2.1666724904247819e-001,
       1.3705543208738196e+000, 3.8563533232874150e+000,
       9.1558661510526829e+000, 1.8581682648070693e+001,
       3.1033408540794927e+001, 4.5569214681172085e+001,
       6.1972420239997980e+001, 7.7487278218643027e+001,
       9.1596739263316891e+001, 1.0383054614789469e+002,
       1.1313408387354902e+002, 1.1887146225088523e+002,
       1.2276578096776558e+002, 1.2591792965572799e+002,
       1.2800000118136424e+002, 1.5716315933025033e+001,
       2.4187448651915428e+001, 3.4905362369995345e+001,
       4.5851273242251033e+001, 5.6177813399443558e+001,
       8.5422181043345432e+001, 9.5462625653443538e+001,
       1.0582138216878738e+002, 1.1557187474703916e+002,
       1.2262809577243999e+002, 7.0209615506084262e+001,
       7.0135178259263554e+001, 7.0074525835491912e+001,
       6.9976624604683138e+001, 5.6889077253777238e+001,
       6.2436457192452337e+001, 6.8327818540169261e+001,
       7.3885713827309132e+001, 7.9221362131986226e+001,
       2.9593523174976475e+001, 3.6383407662082277e+001,
       4.4356208855602233e+001, 5.0564686289905218e+001,
       4.3556393782771302e+001, 3.6266224347009171e+001,
       8.7019766215165617e+001, 9.3815364721860135e+001,
       1.0167068111961163e+002, 1.0777761450242764e+002,
       1.0098434768548292e+002, 9.3769592552986978e+001,
       4.0259246520799259e+001, 4.8802402206409525e+001,
       5.7989436225437878e+001, 6.7279232807747604e+001,
       7.5980929794085526e+001, 8.4029516605691370e+001,
       9.0937916744479551e+001, 8.3826519965872080e+001,
       7.5005193734323797e+001, 6.5698024120978985e+001,
       5.6021263621673725e+001, 4.7167653598807526e+001,
       5.6274255539680063e+001, 6.6716927889003657e+001,
       7.6281026021731208e+001, 7.6260669802234574e+001,
       6.6349001541119989e+001, 5.5746705248663005e+001,
       3.0892095759724004e+001, 4.6520203265946769e+001,
       6.2139707246881990e+001, 7.7683971060941758e+001,
       9.2674014098089913e+001, 1.0584561982167578e+002,
       1.1654595377408657e+002, 1.2457267687439987e+002,
       1.2800001186448216e+002, 1.2687089173402886e+002,
       1.2069174012531900e+002, 1.1151622095808712e+002,
       9.9544375576998206e+001, 8.5326266085310394e+001,
       7.0298319918356782e+001, 5.5062160175582250e+001,
       3.9675615887050419e+001, 8.6537101832537733e+000,
       2.2310988730293557e+000, -3.2859973434787107e-009,
       1.2801782444495695e+000, 4.8488312011993617e+000,
       6.9886078183856029e+000, 4.5161167723760274e+000,
       4.3561320006264124e+000, 7.3905942208602244e+000,
       1.4253240938928819e+001, 2.4822432656458449e+001,
       3.4874851761070325e+001, 4.4874755600320078e+001,
       5.4827104163579584e+001, 6.1772698734809900e+001,
       6.3772230551757843e+001, 6.4798229499469059e+001,
       6.4476609413294213e+001, 6.3124670633832814e+001,
       2.5867212898725775e+001, 2.2135203402525420e+001,
       2.2585286020516705e+001, 2.6937403921022138e+001,
       2.8522693257214616e+001, 2.8337678873876254e+001,
       2.9244353393193752e+001, 2.5671699328468524e+001,
       2.6097235494257006e+001, 3.0554927035196002e+001,
       3.2296928680729629e+001, 3.1620182913246794e+001,
       8.1768644338526684e+001, 7.7968439732649585e+001,
       7.5781423857041332e+001, 7.7291062217471037e+001,
       7.6934682573609194e+001, 8.0208406047076267e+001,
       8.5008139576021762e+001, 9.0371849263722169e+001,
       9.3132368220790468e+001, 9.3410458118862110e+001,
       9.1864896958583515e+001, 8.7981891696830985e+001,
       8.1856875165575232e+001, 8.3006871796846056e+001,
       8.3150680839665455e+001, 8.5137143011318813e+001,
       8.5071356792512105e+001, 8.3820939202849502e+001 ]
filename: "../images/shape_central.jpg"
fileleft: "../images/shape_central.yml"
fileright: "../images/shape_central.yml"
