%YAML:1.0
shape: !!opencv-matrix
   rows: 132
   cols: 1
   dt: d
   data: [ 2.2175394426959884e-006, 5.8790700233940996e-001,
       2.3298623984613402e+000, 5.3230600822417760e+000,
       1.0732918713171850e+001, 1.9929861204738508e+001,
       3.2252649543797730e+001, 4.6810581940740377e+001,
       6.3542796534114757e+001, 7.9785799449733858e+001,
       9.4017210526330530e+001, 1.0600214995826131e+002,
       1.1484490571906338e+002, 1.2021740679801579e+002,
       1.2380253198956460e+002, 1.2651163325446086e+002,
       1.2799999733909924e+002, 1.4793133780783378e+001,
       2.2666630479583382e+001, 3.2589029085520913e+001,
       4.2808591703252269e+001, 5.2525150323309262e+001,
       8.3803811148530656e+001, 9.3338132957273629e+001,
       1.0320767451609547e+002, 1.1254747084383465e+002,
       1.1952499733588610e+002, 6.7515802986635322e+001,
       6.7484700939911761e+001, 6.7468391019038307e+001,
       6.7438120969221146e+001, 5.6023399517617172e+001,
       6.1138937559242606e+001, 6.6456931390022660e+001,
       7.1583293384635084e+001, 7.6536659398846012e+001,
       2.7022988876466798e+001, 3.3750280037111075e+001,
       4.1992840685094826e+001, 4.8166383465489943e+001,
       4.1120202534463658e+001, 3.3596082616539299e+001,
       8.5404773351956337e+001, 9.1915537345445770e+001,
       1.0009122951283000e+002, 1.0641357417366468e+002,
       9.9734289988606619e+001, 9.2279408624648013e+001,
       4.2526432956854592e+001, 4.9371161397364517e+001,
       5.7237086961365179e+001, 6.5845274604320494e+001,
       7.4125858902957702e+001, 8.1297662270595808e+001,
       8.7197556431561040e+001, 8.1254476884488355e+001,
       7.3592697142873618e+001, 6.4963724353408210e+001,
       5.6131955381612627e+001, 4.8419391033114842e+001,
       5.6439675840580101e+001, 6.5538621831694869e+001,
       7.4090707139759985e+001, 7.3953153496765040e+001,
       6.5290823404712512e+001, 5.6263424767084331e+001,
       1.8936653511043790e+001, 3.4783763884788556e+001,
       5.0508358437336121e+001, 6.6963638344428801e+001,
       8.4155140474843876e+001, 1.0003090773658757e+002,
       1.1314276694818595e+002, 1.2324811383558993e+002,
       1.2800000329156089e+002, 1.2396040741497518e+002,
       1.1441183435652317e+002, 1.0170741133214690e+002,
       8.6132413177114032e+001, 6.9180504697811671e+001,
       5.2923735901821019e+001, 3.7372987679394150e+001,
       2.1641209023870612e+001, 6.3786453209980563e+000,
       1.5085444613662053e+000, 5.1244278847604676e-007,
       1.4245888668774078e+000, 4.8919946167319424e+000,
       5.6822308159538926e+000, 2.7137725053533428e+000,
       1.7869158077927734e+000, 3.7309856170098086e+000,
       8.9040116135293843e+000, 2.4750656924172954e+001,
       3.5908246300669582e+001, 4.7064759345379898e+001,
       5.8106689970662067e+001, 6.4043204654216368e+001,
       6.5773847937153050e+001, 6.6777146631483902e+001,
       6.6027457958839776e+001, 6.4540243692629389e+001,
       2.4054260126817894e+001, 2.0055481026804074e+001,
       2.0513188410382330e+001, 2.4990024262080595e+001,
       2.7251256496675165e+001, 2.7181096358830409e+001,
       2.5927419617869944e+001, 2.1777407069298825e+001,
       2.1691462504276085e+001, 2.6013352726493803e+001,
       2.8817086329781237e+001, 2.8517450430520725e+001,
       8.5683303477546303e+001, 8.1921703161655358e+001,
       7.9003006466362834e+001, 8.0819609817608850e+001,
       7.9415382889253721e+001, 8.2701187869405203e+001,
       8.6797361544354288e+001, 9.2846202680859136e+001,
       9.6820528803963995e+001, 9.8360834553296385e+001,
       9.6382457405926516e+001, 9.2020701398012577e+001,
       8.4958281686851848e+001, 8.6306372127199324e+001,
       8.5396283867173267e+001, 8.7813464411076936e+001,
       8.9309548994078526e+001, 8.7378061711141925e+001 ]
filename: "../images/shape_central_ero.jpg"
fileleft: "../images/shape_central_ero.yml"
fileright: "../images/shape_central_ero.yml"
