%YAML:1.0
shape: !!opencv-matrix
   rows: 132
   cols: 1
   dt: d
   data: [ -1.9273195789924687e-006, 1.6944109828874443e+000,
       4.2265414941274164e+000, 7.8689315821276162e+000,
       1.4114605590374641e+001, 2.4575163223772705e+001,
       3.8120784269964055e+001, 5.3666092510378071e+001,
       7.0606487280179280e+001, 8.6780305717154747e+001,
       1.0088748829460819e+002, 1.1265552669272198e+002,
       1.2106083990741286e+002, 1.2526827081096097e+002,
       1.2712150511515014e+002, 1.2799998838706877e+002,
       1.2798505542073822e+002, 1.2992658838916135e+001,
       2.0785926076423682e+001, 3.0706529893619066e+001,
       4.1007969196423389e+001, 5.1048080349053997e+001,
       7.8969650396378086e+001, 8.8338783722779780e+001,
       9.8139621754764519e+001, 1.0786227948462877e+002,
       1.1589328046811664e+002, 6.5721463984823643e+001,
       6.6376868819599693e+001, 6.7039831883713489e+001,
       6.7687301323616737e+001, 5.6042321026481197e+001,
       6.1773999626086372e+001, 6.7877362176593820e+001,
       7.3714054990347961e+001, 7.9048371982212885e+001,
       2.7199653596607629e+001, 3.3300423399044973e+001,
       4.0718217175311054e+001, 4.7175933842673359e+001,
       4.0647655859482086e+001, 3.3776976162660070e+001,
       8.3470585596848935e+001, 8.9593299411340269e+001,
       9.6985082531915765e+001, 1.0337106210126569e+002,
       9.6978133403684694e+001, 9.0103723845941374e+001,
       4.3194783202760448e+001, 5.0958485485678594e+001,
       5.9568154020644023e+001, 6.8373539636872437e+001,
       7.6808777047267213e+001, 8.5301264908388674e+001,
       9.3038342081753655e+001, 8.6487459434338021e+001,
       7.8054795409513360e+001, 6.8948203619125550e+001,
       5.9556167378993059e+001, 5.0579901281872296e+001,
       5.8853809540518505e+001, 6.8586013856196217e+001,
       7.7924919254469103e+001, 7.8194245625837269e+001,
       6.8592250928953447e+001, 5.8640214660664128e+001,
       2.4807884141202216e+001, 4.1874094505375695e+001,
       5.8848191593676262e+001, 7.5929714175819541e+001,
       9.2648493559063070e+001, 1.0699751040784352e+002,
       1.1806054495524120e+002, 1.2574113891653622e+002,
       1.2799999285317534e+002, 1.2395921158376045e+002,
       1.1462437031455286e+002, 1.0221362476416670e+002,
       8.6977513090855652e+001, 6.9969176172629872e+001,
       5.2929544656689615e+001, 3.6118161565587855e+001,
       1.9287418234136041e+001, 1.1544659372607310e+001,
       5.5423510385734893e+000, 3.2485147310527367e+000,
       3.7921712870954059e+000, 6.2043378724377343e+000,
       4.9094071273528037e+000, 1.5698462304503644e+000,
       3.0398154781193225e-006, 1.1072799700393587e+000,
       6.0430650768876406e+000, 1.8456583834086182e+001,
       2.9698736649845401e+001, 4.0904642744065804e+001,
       5.2025732315491560e+001, 5.8819649097577852e+001,
       6.0961078468413589e+001, 6.1802812012931341e+001,
       6.0387709527563651e+001, 5.7710993327582528e+001,
       2.2210516277344446e+001, 1.8181594162183121e+001,
       1.7644938437636014e+001, 2.0869909227637578e+001,
       2.2707285192660528e+001, 2.3351325015271058e+001,
       1.9123310639468759e+001, 1.5308711643905488e+001,
       1.5065350359389239e+001, 1.8495166513049863e+001,
       2.0301570081863868e+001, 2.0323230337048386e+001,
       7.9660333631166125e+001, 7.5780422817515046e+001,
       7.3694830556459507e+001, 7.4785313059386723e+001,
       7.2844636734267752e+001, 7.4082153705829086e+001,
       7.7259100565544855e+001, 8.3483700865217784e+001,
       8.7201945800110963e+001, 8.8623597626369857e+001,
       8.8092957004032542e+001, 8.5210086602542191e+001,
       7.9090011012287036e+001, 7.9816977991043373e+001,
       7.8156743196684388e+001, 7.9093658425140362e+001,
       8.0482333689381093e+001, 8.0057781193356135e+001 ]
filename: "../images/shape_central_clo.jpg"
fileleft: "../images/shape_central_clo.yml"
fileright: "../images/shape_central_clo.yml"
