%YAML:1.0
shape: !!opencv-matrix
   rows: 132
   cols: 1
   dt: d
   data: [ 4.4753090209611379e-006, 2.6264207423528587e+000,
       6.7375089669103998e+000, 1.1641888355968076e+001,
       1.7791534033905553e+001, 2.6029649603469462e+001,
       3.6508689078634667e+001, 4.9379760585184727e+001,
       6.4642063912441429e+001, 8.1366278289232412e+001,
       9.5441314317418488e+001, 1.0726046756207015e+002,
       1.1689629752664379e+002, 1.2308847180567582e+002,
       1.2603282866051909e+002, 1.2755684708726936e+002,
       1.2800000467447592e+002, 6.0021906259926974e+000,
       1.3167094554013126e+001, 2.1437527295675917e+001,
       2.9696223436929106e+001, 3.7761607562552804e+001,
       6.5922762285865744e+001, 7.5377184478214943e+001,
       8.5366786675204068e+001, 9.5605317149977225e+001,
       1.0499922011426388e+002, 5.1821837810380849e+001,
       5.1995097370746841e+001, 5.2165242596316418e+001,
       5.2418276933138216e+001, 4.3777263530996933e+001,
       4.9290759047179108e+001, 5.5300187521248787e+001,
       6.1999429075185212e+001, 6.7981405763719692e+001,
       1.6719042396022456e+001, 2.2445680990321055e+001,
       2.9237192418818044e+001, 3.5511921695774674e+001,
       2.9381175668411743e+001, 2.2959009259734643e+001,
       7.4194365801246008e+001, 8.0256294304997823e+001,
       8.7356263832530900e+001, 9.4025557720034612e+001,
       8.7660616943194213e+001, 8.0888064721683065e+001,
       4.0309554341300128e+001, 4.4607174012735506e+001,
       5.0655442018681299e+001, 5.7540352296466047e+001,
       6.5670712999148137e+001, 7.3814564015359196e+001,
       8.1078148448857249e+001, 7.5365360178718731e+001,
       6.8173401284613618e+001, 5.9824008964535274e+001,
       5.2404088253148466e+001, 4.5580804535795998e+001,
       5.1877598952690676e+001, 5.8355705244859067e+001,
       6.6466284430676225e+001, 6.6558566791474092e+001,
       5.8659518866762973e+001, 5.2086461889457269e+001,
       3.4132769732916188e+001, 4.8940833474713479e+001,
       6.3452572035248551e+001, 7.7890105821319210e+001,
       9.2145226785648134e+001, 1.0543147181434192e+002,
       1.1709790009117273e+002, 1.2576432652705542e+002,
       1.2799998773308845e+002, 1.2348096611880906e+002,
       1.1340470273772283e+002, 1.0087907324680539e+002,
       8.6576055832880314e+001, 7.0636303455431886e+001,
       5.4227281599980046e+001, 3.7762649396277503e+001,
       2.1241216717622436e+001, 1.1853953568100508e+001,
       8.2563379054581265e+000, 7.3770205781580520e+000,
       7.9695811404803036e+000, 9.7752940848137886e+000,
       6.0282016150938240e+000, 2.3246982397100981e+000,
       4.7021852659076067e-002, 2.0627131916634642e-006,
       3.2112786976952696e+000, 1.9259401775413092e+001,
       3.0259425598142229e+001, 4.1213395587219949e+001,
       5.2090435097849578e+001, 6.1931649525632771e+001,
       6.4136128547228935e+001, 6.4757925058990523e+001,
       6.2960139120657338e+001, 5.9701197881072623e+001,
       2.4516720134404842e+001, 2.1344436882053923e+001,
       2.0430840235300355e+001, 2.1857026237388677e+001,
       2.3419602552254187e+001, 2.4508890368434880e+001,
       1.7692945865336593e+001, 1.4814247983209095e+001,
       1.4582895408823701e+001, 1.6511714894439049e+001,
       1.7710289412039927e+001, 1.7988736896404173e+001,
       8.4363336920160336e+001, 7.9763920949768774e+001,
       7.6796294136049539e+001, 7.7434314556532669e+001,
       7.5299828032323333e+001, 7.6876603867459551e+001,
       8.0034514320147792e+001, 8.5895917498742151e+001,
       8.9972494577191753e+001, 9.1966964411033715e+001,
       9.1642957871661650e+001, 8.9117274486221078e+001,
       8.2457202666816670e+001, 8.2484384191663011e+001,
       8.0920640361196035e+001, 8.1449871985593418e+001,
       8.3424196182643328e+001, 8.2972155750615059e+001 ]
filename: "../images/shape_central_old.jpg"
fileleft: "../images/shape_central_old.yml"
fileright: "../images/shape_central_old.yml"
